e2e5d57e3f09025bff62ea31c66a1b41536b146b86c115704ca0999b21952919 104 104 125040 59307
136f7d9ab2f53b0b5fe1dcfd32d083c2617c1c87ee39cf21683f33553c37df43 1 1 1210 0
de110d6e857f2c32bc45c1f6c39a2b45b97f79bfd3f590007ad1be4f7e2fb75c 100 100 46880 16110
c22db2d66a80f531bd778d47c78d9d01609045452a0c7b9e7dc8d66ff2d97c83 8 8 476 5
0ff2c7c837186e0c76bc85260aca3af8354ae4344a5b38eb6d2ccbbcdbb65a9b 12 3 5 3
1625707e138fb5d804f1e3539a918f6c0d80c4e73862ec982bcab4371e5541e5 20 13 937 12
3193a6c13b01d2d2aec97a11a2b390f4203d7fc2b77a4ba5d312312868df7b97 4 1 1 0
27ddfcab834e6088716ce41d95c5867ccc66fdfb0824b6b8e9b11313028b9c53 19 19 3444 1184
3fb14c5332c52176142e667fad551522fbe926371733abffcf2303650a69d71d 222 207 428 0
f169aa5e75c4331627ac1eb43251252b1c1ef23e44e79130b891c5d8d2777c29 4 4 67 5
e945b05b5afa632c4cee833ae56e072f86dfae05761bc4cbdfd6bbcd5e3a1eb8 6 6 1160 9
db3d82c7f39fbcbb4d63560e0686cdc11dc2b8447d527a44e487e78887f37819 2 2 136 1
90eda9ba526013abeca44db9609c66be06defb15384f0cdd27a25b01d60e7028 22 20 2218 60
b603b76ea235ee794c15a4469b0ff9f92e5174d256eaf8b92762a6517b5d70e7 5 5 21 4
254d54f44b2944cb7b1be4b22e5fc1654c618202983bbea77e33ab1d090a6876 3 3 487 7
63b06312f885eb6bf102ee2c39d1f5ea70c834f500c05a2e3ba568f6e1e5fb42 3 3 108 0
1ebd9b7e3b9274c7d7c96c3095750fabe19be495d5409b4dbdb9bb3b25f47d32 18 4 488 44
e1ce21e85f020792165b98ce36959be104fa1b264cc3e5bfe5936c26e0a0f04c 3 3 211 0
9a3d2376d6f8351039d913ec9012ad807028b6cdb724230de4181ee36adbdfcb 10 10 9390 12
b41025c77e9f2e482ba084ad6900bfc9196ef734e677ac797b1946d24eff652f 28 28 7808 32
b51b1176ac507de6a69a0d87972663b6939764addb992d3ba100e1dcc192f0d2 84 78 79 73
72fbec77615d57ddff51951dfa3aa73d9bd776dd41c78cad44be5a68e46bcb1f 28 28 561 396
ce2bfe4f5a7765de16deb1f9ce324f7625a0fae4b722560c0fdfa187b695b26b 11 11 7469 24
0be6e3178e0c03643479078073f2b4865a80a5b25a14f9c26384fa86cb260080 2 2 78 0
630b575adf42ec65dbe38865b9973d93d1376ba17e2e7c91cd0a15faca19d3dd 12 12 7731 322
489ffcb7ed5e41acb7034e961811dccec738669b32085e4e37a3fbc96a47804a 18 18 10900 999
6d93c8f8d75bbc89e303f5c08b5ad2073ab8ef822c4cd9b9166388eb78d00ae1 27 27 9486 619
46b14aa42f2da13aa8e36c0c810d3bcc00e761d9b2fbd3153a7d89d24715b369 35 35 10829 1859
fc92d5e2dde9c1ccaad6db8a0de1b43f5c5695564c54064ae74702fa3686b50d 2 2 31332 1
9baa724dfaec0c2bfb43421ce9e29bd838c44f4c181a0a15e2072679c0980d08 7 7 8642 224
80af20b4915654f3a9cf5d9119d4f32f9e514d24af6523099f567acc4ede68cf 26 26 1829 163
074856be8132068534ffc8cd1e36eb1be289f638ec56deaa16b70d270feffe9a 5 5 2860 714
aaf2561cc6df0909c64df1d40da0f373058e2421dd214a2cfff379f93d4fafc8 3 3 3508 0
bed721ccf6400984fcfa390da65f8d9dcc4545c19f78408331ccaba6483d5a65 4 4 5929 124
a4924a697f2bd0fc65801df74ea7469310836ab811cb1261f0a947a174a799d6 2 2 307 0
2f8437c4ed1d97b37eddec4fc3523d8cd07ff5058beb3bd7fe7c2cc5de465785 14 14 13194 1543
f1fa68c79cfca1822ea75ec75f9ab3e294eb00fa30bef22fa5ab019282d69fb8 4 4 483 12
7836d56f1286904f08fecabb9d18954d3384274983141480b318bba46af8e7de 27 27 12257 1032
291c4073fa9f74f785195b03303c4dd64660dc3b8ecc11097a2c6c0934ef4e57 95 94 2765 1279
